https://powcoder.com
代写代考加微信 powcoder
Assignment Project Exam Help
Add WeChat powcoder
P2
30 14
15
0  0  0  0  0  0  0  0  0  0  0  0  0  0  0  0  0  0  0  0  0  0  0  0  0  0  0  0  0  0  
0  0  0  0  0  0  0  0  0  0  0  0  0  0  0  0  0  0  0  0  0  0  0  0  0  0  0  0  0  0
0  0  0  0  0  0  0  0  0  0  0  0  0  0  0  0  0  0  0  0  0  0  0  0  0  0  0  0  0  0
0  0  0  3  3  3  3  3  0  0  7  7  7  3  0  0 11 11 11 11 0  0  0  0  0  0  0  0  0  0
0  0  0  3  3  3  3  3  0  0  7  7  7  3  0  0 11 11 11 11  0  0 15 15 15 15  0  0  0  0
0  0  0  3  3  0  0  0  0  0  7  0  0  3  0  0 11  0  0  2  0  0 15  0  0 15  0  0  0  0
0  0  0  3  3  3  3  0  0  0  7  7  7  3  0  0 11 11 11  2  0  0 11 12 13 14  0  0  0  0
0  0  0  3  3  3  3  0  0  0  7  7  7  7  0  0 11  3  2  2  0  0 15  0  0  0  0  0  0  0
0  0  0  3  3  0  0  0  0  0  7  0  0  0  0  0 11 11 11 11  0  0 15  0  0  0  0  0  0  0
0  0  0  3  3  0  0  0  0  0  7  0  0  0  0  0 11  0  0  0  0  0  0  0  0  0  0  0  0  0
0  0  0  3  3  0  0  0  0  0  7  7  7  3  0  0 11  0  0  0  0  0  0  0  0  0  0  0  0  0
0  0  0  3  3  0  0  0  0  0  7  7  7  3  0  0 11 11 11 11  0  0  0  0  0  0  0  0  0  0
0  0  0  0  0  0  0  0  0  0  0  0  0  0  0  0  0  0  0  0  0  0  0  0  0  0  0  0  0  0
0  0  0  0  0  0  0  0  0  0  0  0  0  0  0  0  0  0  0  0  0  0  0  0  0  0  0  0  0  0
